ccode,milex,milper,tpop,cinc
2,65961823.712820515,1032.5846153846153,115082.43076923076,0.15826356666666666
20,4356147.538461538,92.78021978021978,19883.274725274725,0.011590992307692307
31,24784.947368421053,0.47368421052631576,264.5263157894737,1.0456052631578947e-4
40,564688.9719626168,78.21495327102804,6769.803738317757,0.0019665
41,7995.977611940299,5.432835820895522,3402.5671641791046,4.756858208955224e-4
42,50420.13636363636,13.1,3731.0545454545454,4.8243727272727273e-4
51,32007.79591836735,2.4489795918367347,2266.122448979592,1.6852448979591837e-4
52,41489.816326530614,1.8775510204081634,1150.530612244898,5.231816326530612e-4
53,10499.6,0.4666666666666667,258.06666666666666,1.93e-5
54,12.242424242424242,0,72.66666666666667,2.415757575757576e-6
55,435.2162162162162,0.10810810810810811,97.94594594594595,4.390540540540541e-6
56,0,0,147.625,4.6865625e-6
57,834.40625,0,106.59375,3.5825e-6
58,2726.7,0,71.06666666666666,2.9736666666666666e-6
60,6.892857142857143,0,44.892857142857146,1.8110714285714286e-6
70,472640.8,68.30555555555556,31422.67777777778,0.008146221666666667
80,10823.8,1,221.36666666666667,1.7573333333333333e-5
90,36508.895104895106,12.636363636363637,3913.6013986013986,5.521398601398602e-4
91,24708.366071428572,6.053571428571429,2585.2321428571427,2.6705535714285716e-4
92,37151.044117647056,8.860294117647058,2527.970588235294,3.6058235294117647e-4
93,43847.81081081081,10.063063063063064,1979.5765765765766,2.730864864864865e-4
94,27341.46153846154,1.7802197802197801,1838.7472527472528,1.581065934065934e-4
95,37035.00925925926,1.462962962962963,1367.1574074074074,1.97175e-4
100,484330.2055555555,34.72222222222222,12178.288888888888,0.002379953888888889
101,309030.87058823527,22.194117647058825,7080.088235294118,0.0023015323529411765
110,11467.155555555555,3.5555555555555554,775.3555555555556,6.296888888888888e-5
115,24732.36111111111,2.111111111111111,419.8333333333333,5.741388888888889e-5
130,109430.49681528662,15.426751592356688,4190.8089171974525,7.210987261146497e-4
135,222982.69186046513,38.895348837209305,8693.21511627907,0.0019731697674418604
140,1765855.6825396826,130.0899470899471,51231.7037037037,0.012987815343915344
145,37463.030674846625,12.693251533742332,3304.079754601227,6.839546012269938e-4
150,20720.75,9.4625,1691.19375,3.9565e-4
155,471035.7034883721,37.366279069767444,5931.232558139535,0.002328195930232558
160,621056.9117647059,52.46470588235294,13995.80588235294,0.005253255882352941
165,75206.62790697675,12.581395348837209,2080.9147286821703,8.520829457364341e-4
200,8058600.435897436,495.1179487179487,42028.62051282051,0.1512743323076923
205,264473.8314606742,11.595505617977528,3246.224719101124,8.553460674157303e-4
210,1425491.8534031413,60.225130890052355,7932.267015706806,0.010394403141361256
211,818339.4519774012,68.090395480226,7388.09604519774,0.014240667231638419
212,51429.068181818184,0.9204545454545454,345.85227272727275,0.0018892284090909091
220,7469941.097938145,636.7319587628866,41746.701030927834,0.07452416855670103
221,0,-0.5,33.388888888888886,2.463888888888889e-6
223,0,0,32.76190476190476,1.2852380952380953e-6
225,622917.6051282051,28.38974358974359,4082.8410256410257,0.0018345738461538461
230,1504378.4051282052,213.34871794871796,23573.882051282053,0.018003655384615385
232,0,-0.5,74.44444444444444,2.556111111111111e-6
235,373729.641025641,56.815384615384616,6363.682051282051,0.004649453333333334
240,323.1666666666667,22.366666666666667,1802.5666666666666,0.003211523333333333
245,721.2857142857143,27.107142857142858,4367.25,0.007480035714285714
255,6774574.913907285,697.9933774834437,46989.52317880795,0.0823233880794702
260,13122204.055555556,430.3888888888889,59574.61111111111,0.03394108888888889
265,4123723.135135135,190.9189189189189,16993.945945945947,0.009227502702702702
267,110.94642857142857,10.035714285714286,1278.267857142857,0.0021734785714285715
269,184.26923076923077,18.403846153846153,1738.7307692307693,0.004072688461538462
271,217.03571428571428,7.714285714285714,1637.4107142857142,0.0023701571428571427
273,85.43137254901961,7.7254901960784315,696.5882352941177,0.0014958686274509803
275,28.03846153846154,8.807692307692308,783.1346153846154,0.0017170634615384615
280,95.56,3.84,539.12,6.665e-4
290,3119584.9545454546,292.46590909090907,32813.14772727273,0.014996261363636364
300,112740.7281553398,364.9514563106796,39287.21359223301,0.061430717475728154
305,792713.3289473684,39.88157894736842,7396.0921052631575,0.0035671394736842103
310,738219.1612903225,78.55913978494624,9710.41935483871,0.003863752688172043
315,1762492.1857142858,203.32857142857142,14298.328571428572,0.010563885714285714
316,1729544.4444444445,49.111111111111114,10308.388888888889,0.002922322222222222
317,684844.4444444445,30.5,5386.055555555556,0.0015557388888888888
325,3714494.553846154,366.425641025641,33942.60512820513,0.02340732871794872
327,88.84444444444445,11.222222222222221,2785.311111111111,0.007303293333333333
329,109.17391304347827,46.54347826086956,8102.304347826087,0.02429196304347826
331,0,0,27.63157894736842,2.1457894736842104e-6
332,19.263157894736842,3.4210526315789473,573.578947368421,6.910421052631579e-4
335,94.1,3.9,502.2,6.8264e-4
337,189.86666666666667,6.6,1467.9555555555555,0.0024820333333333334
338,19728.617021276597,2.1702127659574466,351.468085106383,3.3314893617021275e-5
339,72649.8817204301,33.623655913978496,1979.505376344086,4.8576236559139786e-4
341,63200,-0.8,618.6,7.701999999999999e-5
343,100860.22222222222,12.722222222222221,2081.777777777778,3.0165e-4
344,895000,60.421052631578945,4458.631578947368,0.001001142105263158
345,628326.4809160306,147.5267175572519,11956.534351145037,0.0039233083969465645
346,352526.3157894737,35.421052631578945,4012.0526315789475,5.777421052631579e-4
347,0,0,1761.3333333333333,9.036666666666666e-5
349,425046.8947368421,9.105263157894736,2001.9473684210527,3.5903684210526315e-4
350,918785.7900552487,86.22651933701657,5140.49723756906,0.0025944337016574584
352,183196.82352941178,11.215686274509803,717.8235294117648,1.7650196078431373e-4
355,661052.8155339806,125.86407766990291,7188.57281553398,0.0027433368932038836
359,127145,7.95,4041.3,4.71225e-4
360,739582.5864661654,161.34586466165413,15294.984962406015,0.0062315518796992484
365,30120171.292307694,1977.6205128205129,140168.41025641025,0.12622712
366,73354.23255813954,10.325581395348838,1250.860465116279,5.260953488372093e-4
367,82349.30232558139,14.395348837209303,2091.2558139534885,9.188209302325582e-4
368,111559.97674418605,19.697674418604652,2869.5348837209303,8.742883720930233e-4
369,2705800,297.15,49255.65,0.01451013
370,1030499.55,65.8,9979.5,0.00227087
371,319299.55,42.35,3338,6.55515e-4
372,318849.1,13.6,4885.9,5.3669e-4
373,632318,62.8,8062.6,0.001338115
375,708871.9042553192,43.48936170212766,4337.308510638298,0.0017426595744680852
380,985297.9641025641,54.66153846153846,6442.825641025641,0.008257273333333334
385,1189034.568627451,23.92156862745098,3512.3039215686276,0.001614377450980392
390,492037.4607329843,25.319371727748692,3303.528795811518,0.0030883623036649216
395,1402.044776119403,-0.26865671641791045,220.49253731343285,2.3401492537313433e-5
402,3292.75,2.111111111111111,378.97222222222223,2.7986111111111112e-5
403,77.33333333333333,-2.0833333333333335,124.80555555555556,1.0005833333333333e-5
404,7222.027027027027,8.35135135135135,1050.3513513513512,1.2138918918918919e-4
411,2822.906976744186,1.627906976744186,379.74418604651163,4.547906976744186e-5
420,3366.4347826086955,0.717391304347826,903.4782608695652,4.414782608695652e-5
432,49668.05882352941,7.862745098039215,8245.764705882353,4.4604117647058824e-4
433,69138.64705882352,11.764705882352942,7032.803921568628,5.761490196078431e-4
434,24175.50980392157,4.470588235294118,4636.470588235294,2.9395882352941174e-4
435,30373.333333333332,11.117647058823529,1944.1568627450981,1.8991764705882352e-4
436,17245.156862745098,4.1568627450980395,7475.568627450981,3.4338039215686276e-4
437,102276.37254901961,10.215686274509803,10505.43137254902,7.857941176470588e-4
438,32421.622641509435,13.283018867924529,5713.33962264151,4.1683962264150943e-4
439,42692.549019607846,7.1568627450980395,8463.725490196079,4.457901960784314e-4
450,8605.857142857143,4.329670329670329,1446.5164835164835,1.5752967032967033e-4
451,13034.84,5.34,3718.52,2.43738e-4
452,73952.03703703704,14.981481481481481,13475.166666666666,9.135314814814815e-4
461,22448.647058823528,5.823529411764706,3319.2549019607845,2.2024509803921568e-4
471,121910.60784313726,13.27450980392157,11023.35294117647,7.392941176470588e-4
475,701754.8823529412,118.05882352941177,89912.11764705883,0.0063331294117647055
481,63204.313725490196,4.745098039215686,872.8627450980392,1.3295882352941176e-4
482,14986.117647058823,3.2941176470588234,2682.372549019608,1.8255098039215685e-4
483,40317.56862745098,18.88235294117647,5801.274509803921,4.102843137254902e-4
484,50611.19607843137,10.392156862745098,2134.7843137254904,2.831294117647059e-4
490,124896.25490196078,53.588235294117645,34375.74509803922,0.0027163235294117645
500,113441.48979591837,31.285714285714285,16945.836734693876,9.689408163265306e-4
501,217825.22916666666,17.791666666666668,22609.541666666668,0.0012726979166666666
510,139534.18,31.8,23916.88,0.001428312
511,0,0,332,1.7449999999999997e-5
516,31520.14285714286,16.79591836734694,5221.142857142857,3.4115102040816326e-4
517,46727.06122448979,20.163265306122447,5978.34693877551,4.078775510204082e-4
520,32930.94117647059,19.568627450980394,7019.137254901961,5.488470588235294e-4
522,23676.852941176472,6.4411764705882355,570.1764705882352,1.0726764705882353e-4
530,132184.15596330276,126.27522935779817,28175.357798165136,0.0038082623853211007
531,106609.11111111111,151.66666666666666,4231.111111111111,0.0014969277777777778
540,1072740.0555555555,89.94444444444444,11154.138888888889,0.0015340333333333333
541,110903.41666666667,27.36111111111111,16133.055555555555,0.0010284416666666667
551,103065.63829787234,15.638297872340425,7325.489361702128,7.086297872340425e-4
552,229561.97826086957,33.26086956521739,9052.217391304348,9.872739130434782e-4
553,17752.872340425532,5.595744680851064,8168.553191489362,3.9807021276595746e-4
560,1218843.5934065934,43.30769230769231,23397.593406593405,0.0059926582417582416
565,137940.95238095237,8.142857142857142,1771,1.4770952380952382e-4
570,19944,1.488888888888889,1612.7555555555555,7.879111111111111e-5
571,127715.13333333333,4.7555555555555555,1215.6,1.1370888888888889e-4
572,12911.953488372093,-0.7209302325581395,765.7441860465116,5.1304651162790696e-5
580,52374.43137254902,18.470588235294116,11448.666666666666,6.651607843137254e-4
581,325.44444444444446,-4.611111111111111,531,2.4975e-5
590,14668.023255813954,-0.4418604651162791,1047.3720930232557,7.042790697674419e-5
591,9298.4,-0.6,73.94285714285714,7.164857142857143e-6
600,433885.9421487603,63.570247933884296,11080.434710743802,0.0022444297520661156
615,1440638.5918367347,111.71428571428571,22944.428571428572,0.0031490938775510205
616,126446.90178571429,20.1875,4024.3839285714284,0.0017399142857142857
620,965603.6833333333,47.916666666666664,3223.516666666667,0.0011881
625,274475.7818181818,62.38181818181818,21254.436363636363,0.0017686145454545454
630,1690287.064102564,159.14102564102564,22846.647435897437,0.006389225
640,1206497.6256410256,344.48205128205126,32658.697435897437,0.022556586666666666
645,2193620.9873417723,250.39240506329114,12348.645569620254,0.004154760759493671
651,1380002.137254902,209.7843137254902,30719.098039215685,0.007096160784313726
652,1222003.5396825396,211.0952380952381,9739.412698412698,0.002813006349206349
660,249654.38461538462,28.723076923076924,2569.6615384615384,5.437261538461538e-4
663,411063.1384615385,68.86153846153846,3302.492307692308,9.035246153846154e-4
666,4724848.793650794,140.06349206349208,3943.3650793650795,0.002711026984126984
670,9177353.44047619,75.72619047619048,9318.57142857143,0.004698004761904762
678,116544.52307692308,23.107692307692307,4395.246153846154,5.8674e-4
679,712047.1904761905,72.23809523809524,17437.380952380954,0.0014908428571428572
680,99035.79166666667,23.791666666666668,1866,3.8271666666666665e-4
690,2980220.34,13.9,1501.04,0.001573796
692,271483.1,6.125,554.45,4.526375e-4
694,846341.625,8.475,533.375,6.3857e-4
696,3229752.5,44.825,2384.4,0.00167463
698,1855661.325,28.425,1789.675,7.34145e-4
700,59654.38043478261,73.23913043478261,13154.891304347826,0.0018425173913043478
701,183664.1,20.3,4561.5,7.0077e-4
702,104789.55,6.2,6382.9,3.69505e-4
703,91767.55,10.75,4833.85,3.7255999999999997e-4
704,780447.75,45.45,24527.6,0.002685945
705,977549.55,43.95,15771.3,0.003468595
710,10339806.867549669,2105.1523178807947,655656.3377483444,0.1321038033112583
712,57125.73333333333,16.655555555555555,1390.7444444444445,3.189922222222222e-4
713,4720836.451612903,473.06451612903226,16679.370967741936,0.007726309677419355
730,116.57894736842105,7.315789473684211,10914.105263157895,0.002891294736842105
731,1526194.634920635,685.2698412698413,16857.04761904762,0.008112447619047619
732,6543107.741935484,616.0967741935484,36154.645161290326,0.01468104677419355
740,8102847.151724138,347.75172413793103,74681.66896551724,0.03858511448275862
750,7284468.828125,1099.671875,696856.8125,0.057626178125
760,1966.9,1.525,1284.775,9.34325e-5
770,1728861.71875,442.140625,108417.625,0.011284571875
771,433292.95,107.45,110580.75,0.00613728
775,1028079.746031746,205.5079365079365,33909.71428571428,0.0037830936507936507
780,314824.5238095238,47.41269841269841,14300.396825396825,0.0012105920634920635
781,8838.195652173914,-1.3695652173913044,206.84782608695653,9.492826086956522e-6
790,27993.736263736264,29.725274725274726,12569.164835164835,0.001047178021978022
800,819912.0564516129,113.60483870967742,27656.16935483871,0.0040847790322580645
811,70234.41379310345,84.17241379310344,8313.396551724138,0.001126653448275862
812,25132.637931034482,47.53448275862069,3781.344827586207,5.610913793103449e-4
816,945495.1052631579,602.3333333333334,50197.57894736842,0.007507652631578947
817,419780.5,536.5454545454545,15997.545454545454,0.005667072727272727
820,1564893.2037037036,84.27777777777777,16411.537037037036,0.0026102833333333333
830,2462360.804347826,48.23913043478261,3079.282608695652,0.002082186956521739
835,283660.48148148146,5.333333333333333,306.8888888888889,1.3812222222222222e-4
840,588171.8769230769,85.73846153846154,49391.93846153846,0.004373553846153846
850,1855866.9838709678,295.4193548387097,150297.2258064516,0.013317435483870968
860,103.11111111111111,-2.3333333333333335,1004.6666666666666,3.956666666666667e-5
900,3699891.8791208793,72.52747252747253,12130.978021978022,0.0075134417582417585
910,40119.444444444445,3.7222222222222223,4289.805555555556,2.0759444444444445e-4
920,365598.8021978022,11.571428571428571,2602.802197802198,8.020835164835165e-4
935,0,0,172.3,5.219e-6
940,0,0,364.54545454545456,1.126030303030303e-5
946,0,0,94.08333333333333,2.4733333333333335e-6
947,0,0,10,2.6545454545454547e-7
950,24183.634146341465,2.926829268292683,719.219512195122,6.660487804878048e-5
955,-2.25,0,103,2.8908333333333333e-6
970,0,0,10.666666666666666,3.12e-7
983,0,0,54.35,1.6075e-6
986,0,0,19.058823529411764,6.683529411764706e-7
987,0,0,288.55,7.811e-6
990,0,0,167,5.533428571428571e-6
